- ratio: 0.71465194
- ratio: 1.1630821
- ratio: 1.7232428